x1,x2,x3,x4,x5,x6,x7,x8,x9,x10,x11,x12,x13,x14,x15,x16,x17,x18,x19,x20,x21,x22,x23,x24,x25,x26,x27,x28,x29,x30,x31,x32,x33,x34,x35,x36,x37,x38,x39,x40,x41,x42,x43,x44,x45,x46,x47,x48,x49,x50,x51,x52,x53,x54,x55,x56,x57,x58,x59,x60,x61,x62,x63,x64,x65,x66,x67,x68,x69,x70,x71,x72,x73,x74,x75,x76,x77,x78,x79,x80,x81,x82,x83,x84,x85,x86,x87,x88,x89,x90,x91,x92,x93,x94,x95,x96,x97,x98,x99,x100,x101,x102,x103,x104,x105,x106,x107,x108,x109,x110,x111,x112,x113,x114,x115,x116,x117,x118,x119,x120,x121,x122,x123,x124,x125,x126,x127,x128
0.0,0.0,0.0,0.0,0.0,0.0,0.0,0.0,0.0,0.0,0.0,0.0,0.00012706709,0.00038120127,0.00063533545,0.00088946964,0.0011436038,0.001397738,0.0016518722,0.0019060064,0.002424276,0.003206681,0.003989086,0.004771491,0.0055538965,0.006336301,0.007118706,0.007901112,0.007912289,0.0071522384,0.006392188,0.005632138,0.0048720874,0.004112037,0.0033519866,0.0025919364,0.0020736665,0.0017971778,0.0015206889,0.0012442,0.0009677111,0.0006912222,0.00041473334,0.00013824445,0.0,0.0,0.0,0.0,0.0,0.0,0.0,0.0,0.0,0.0,0.0,0.0,0.0,0.0,0.0,0.0,0.0,0.0,0.0,0.0,0.0,0.0,0.0,0.0,0.0,0.0,0.0,0.0,0.0,0.0,0.0,0.0,0.0,0.0,0.0,0.0,0.0,0.0,0.0,0.0,0.0,0.0,0.0,0.0,0.0,0.0,0.0,0.0,0.00012383123,0.0003714937,0.00061915617,0.0008668186,0.0011144811,0.0013621434,0.001609806,0.0018574685,0.0018574685,0.001609806,0.0013621434,0.0011144811,0.0008668186,0.00061915617,0.0003714937,0.00012383123,0.0,0.0,0.0,0.0,0.0,0.0,0.0,0.0,0.0012986099,0.00389583,0.0064930497,0.00909027,0.011687489,0.014284709,0.01688193,0.01947915,0.020777758,0.020777758,0.020777758,0.020777758
0.0,0.0,0.0,0.0,0.0,0.0,0.0,0.0,0.0,0.0,0.0,0.0,0.00012706709,0.00038120127,0.00063533545,0.00088946964,0.0011436038,0.001397738,0.0016518722,0.0019060064,0.002424276,0.003206681,0.003989086,0.004771491,0.0055538965,0.006336301,0.007118706,0.007901112,0.007912289,0.0071522384,0.006392188,0.005632138,0.0048720874,0.004112037,0.0033519866,0.0025919364,0.0020736665,0.0017971778,0.0015206889,0.0012442,0.0009677111,0.0006912222,0.00041473334,0.00013824445,0.0,0.0,0.0,0.0,0.0,0.0,0.0,0.0,0.0,0.0,0.0,0.0,0.0,0.0,0.0,0.0,0.0,0.0,0.0,0.0,0.0,0.0,0.0,0.0,0.0,0.0,0.0,0.0,0.0,0.0,0.0,0.0,0.0,0.0,0.0,0.0,0.0,0.0,0.0,0.0,0.0,0.0,0.0,0.0,0.0,0.0,0.0,0.0,0.00012383123,0.0003714937,0.00061915617,0.0008668186,0.0011144811,0.0013621434,0.001609806,0.0018574685,0.0018574685,0.001609806,0.0013621434,0.0011144811,0.0008668186,0.00061915617,0.0003714937,0.00012383123,0.0,0.0,0.0,0.0,0.0,0.0,0.0,0.0,0.0012986099,0.00389583,0.0064930497,0.00909027,0.011687489,0.014284709,0.01688193,0.01947915,0.020777758,0.020777758,0.020777758,0.020777758
0.0,0.0,0.0,0.0,0.0,0.0,0.0,0.0,0.0,0.0,0.0,0.0,0.00012706709,0.00038120127,0.00063533545,0.00088946964,0.0011436038,0.001397738,0.0016518722,0.0019060064,0.002424276,0.003206681,0.003989086,0.004771491,0.0055538965,0.006336301,0.007118706,0.007901112,0.007912289,0.0071522384,0.006392188,0.005632138,0.0048720874,0.004112037,0.0033519866,0.0025919364,0.0020736665,0.0017971778,0.0015206889,0.0012442,0.0009677111,0.0006912222,0.00041473334,0.00013824445,0.0,0.0,0.0,0.0,0.0,0.0,0.0,0.0,0.0,0.0,0.0,0.0,0.0,0.0,0.0,0.0,0.0,0.0,0.0,0.0,0.0,0.0,0.0,0.0,0.0,0.0,0.0,0.0,0.0,0.0,0.0,0.0,0.0,0.0,0.0,0.0,0.0,0.0,0.0,0.0,0.0,0.0,0.0,0.0,0.0,0.0,0.0,0.0,0.00012383123,0.0003714937,0.00061915617,0.0008668186,0.0011144811,0.0013621434,0.001609806,0.0018574685,0.0018574685,0.001609806,0.0013621434,0.0011144811,0.0008668186,0.00061915617,0.0003714937,0.00012383123,0.0,0.0,0.0,0.0,0.0,0.0,0.0,0.0,0.0012986099,0.00389583,0.0064930497,0.00909027,0.011687489,0.014284709,0.01688193,0.01947915,0.020777758,0.020777758,0.020777758,0.020777758
0.0,0.0,0.0,0.0,0.0,0.0,0.0,0.0,0.0,0.0,0.0,0.0,0.00012706709,0.00038120127,0.00063533545,0.00088946964,0.0011436038,0.001397738,0.0016518722,0.0019060064,0.002424276,0.003206681,0.003989086,0.004771491,0.0055538965,0.006336301,0.007118706,0.007901112,0.007912289,0.0071522384,0.006392188,0.005632138,0.0048720874,0.004112037,0.0033519866,0.0025919364,0.0020736665,0.0017971778,0.0015206889,0.0012442,0.0009677111,0.0006912222,0.00041473334,0.00013824445,0.0,0.0,0.0,0.0,0.0,0.0,0.0,0.0,0.0,0.0,0.0,0.0,0.0,0.0,0.0,0.0,0.0,0.0,0.0,0.0,0.0,0.0,0.0,0.0,0.0,0.0,0.0,0.0,0.0,0.0,0.0,0.0,0.0,0.0,0.0,0.0,0.0,0.0,0.0,0.0,0.0,0.0,0.0,0.0,0.0,0.0,0.0,0.0,0.00012383123,0.0003714937,0.00061915617,0.0008668186,0.0011144811,0.0013621434,0.001609806,0.0018574685,0.0018574685,0.001609806,0.0013621434,0.0011144811,0.0008668186,0.00061915617,0.0003714937,0.00012383123,0.0,0.0,0.0,0.0,0.0,0.0,0.0,0.0,0.0012986099,0.00389583,0.0064930497,0.00909027,0.011687489,0.014284709,0.01688193,0.01947915,0.020777758,0.020777758,0.020777758,0.020777758
0.0,0.0,0.0,0.0,0.0,0.0,0.0,0.0,0.0,0.0,0.0,0.0,0.0001191254,0.00035737618,0.000595627,0.00083387777,0.0010721287,0.0013103794,0.0015486302,0.0017868809,0.0022727589,0.0030062636,0.0037397682,0.004473273,0.0052067777,0.0059402827,0.0066737873,0.007407292,0.0074177706,0.006705224,0.0059926766,0.005280129,0.004567582,0.0038550347,0.0031424875,0.0024299403,0.0019440624,0.0016848542,0.0014256459,0.0011664375,0.00090722914,0.0006480208,0.0003888125,0.00012960416,0.0,0.0,0.0,0.0,0.0,0.0,0.0,0.0,0.0,0.0,0.0,0.0,0.0,0.0,0.0,0.0,0.00018125973,0.0005437792,0.0009062987,0.0012688182,0.0016313377,0.001993857,0.0023563765,0.0027188961,0.0043923976,0.0073768827,0.010361366,0.013345851,0.016330335,0.01931482,0.022299303,0.025283787,0.025102528,0.021755524,0.01840852,0.015061516,0.0117145125,0.00836751,0.0050205053,0.0016735018,0.0,0.0,0.0,0.0,0.0,0.0,0.0,0.0,0.00011609178,0.00034827532,0.0005804589,0.0008126424,0.001044826,0.0012770095,0.0015091931,0.0017413767,0.0017537094,0.0015461916,0.0013386736,0.0011311558,0.0009236379,0.0007161199,0.000508602,0.0003010841,0.00018499231,0.00016032669,0.00013566103,0.000110995396,8.632975e-5,6.1664105e-5,3.6998463e-5,1.2332822e-5,0.0013212471,0.0039637415,0.006606235,0.00924873,0.0118912235,0.014533716,0.017176213,0.019818706,0.021139953,0.021139953,0.021139953,0.021139953
0.0,0.0,0.0,0.0,0.0,0.0,0.0,0.0,0.0,0.0,0.0,0.0,0.00010324201,0.00030972602,0.00051621004,0.0007226941,0.0009291781,0.0011356622,0.0013421461,0.0015486302,0.0019697244,0.0026054285,0.0032411325,0.0038768365,0.004512541,0.0051482446,0.005783949,0.006419653,0.0064287344,0.0058111935,0.005193653,0.004576112,0.0039585712,0.00334103,0.0027234892,0.0021059483,0.0016848542,0.0014602069,0.0012355597,0.0010109125,0.0007862653,0.0005616181,0.00033697084,0.000112323614,0.0,0.0,0.0,0.0,0.0,0.0,0.0,0.0,0.0,0.0,0.0,0.0,0.0,0.0,0.0,0.0,0.0005437792,0.0016313377,0.0027188961,0.0038064546,0.004894013,0.0059815715,0.00706913,0.008156688,0.013177194,0.022130646,0.0310841,0.040037554,0.048991002,0.057944458,0.066897914,0.075851366,0.07530758,0.06526657,0.055225562,0.04518455,0.03514354,0.025102528,0.015061516,0.0050205053,0.0,0.0,0.0,0.0,0.0,0.0,0.0,0.0,0.00010061287,0.00030183862,0.00050306437,0.0007042901,0.00090551586,0.0011067416,0.0013079674,0.0015091931,0.0015461916,0.0014189627,0.0012917339,0.001164505,0.0010372762,0.00091004744,0.00078281865,0.00065558986,0.0005549769,0.00048098003,0.0004069831,0.00033298618,0.00025898925,0.00018499231,0.000110995396,3.6998463e-5,0.0013665212,0.0040995637,0.006832606,0.009565648,0.012298691,0.015031734,0.017764775,0.020497818,0.02186434,0.02186434,0.02186434,0.02186434
0.0,0.0,0.0,0.0,0.0,0.0,0.0,0.0,0.0,0.0,0.0,0.0,8.7358625e-5,0.00026207586,0.00043679314,0.00061151036,0.00078622764,0.00096094486,0.0011356622,0.0013103794,0.0016666898,0.0022045933,0.0027424966,0.0032804003,0.0038183038,0.0043562073,0.0048941104,0.0054320144,0.0054396987,0.004917164,0.0043946295,0.0038720947,0.00334956,0.0028270255,0.002304491,0.0017819563,0.0014256459,0.0012355597,0.0010454736,0.00085538754,0.0006653014,0.00047521526,0.00028512915,9.5043055e-5,0.0,0.0,0.0,0.0,0.0,0.0,0.0,0.0,0.0,0.0,0.0,0.0,0.0,0.0,0.0,0.0,0.0009062987,0.0027188961,0.0045314934,0.0063440907,0.008156688,0.009969286,0.0117818825,0.01359448,0.021961989,0.036884412,0.051806834,0.066729255,0.08165167,0.0965741,0.111496516,0.12641893,0.12551264,0.10877761,0.0920426,0.07530758,0.058572564,0.041837547,0.025102528,0.00836751,0.0,0.0,0.0,0.0,0.0,0.0,0.0,0.0,8.5133965e-5,0.00025540192,0.00042566986,0.0005959378,0.0007662057,0.00093647366,0.0011067416,0.0012770095,0.0013386736,0.0012917339,0.0012447941,0.0011978544,0.0011509147,0.001103975,0.0010570353,0.0010100956,0.0009249616,0.0008016334,0.00067830516,0.0005549769,0.00043164878,0.00030832054,0.00018499231,6.1664105e-5,0.0014117954,0.0042353864,0.0070589767,0.009882567,0.012706159,0.015529749,0.01835334,0.02117693,0.022588726,0.022588726,0.022588726,0.022588726
0.0,0.0,0.0,0.0,0.0,0.0,0.0,0.0,0.0,0.0,0.0,0.0,7.147524e-5,0.00021442572,0.00035737618,0.0005003267,0.00064327713,0.00078622764,0.0009291781,0.0010721287,0.0013636552,0.0018037581,0.002243861,0.0026839639,0.0031240666,0.0035641696,0.0040042726,0.004444375,0.0044506625,0.0040231342,0.003595606,0.0031680774,0.0027405492,0.0023130209,0.0018854926,0.0014579642,0.0011664375,0.0010109125,0.00085538754,0.0006998625,0.0005443375,0.0003888125,0.0002332875,7.77625e-5,0.0,0.0,0.0,0.0,0.0,0.0,0.0,0.0,0.0,0.0,0.0,0.0,0.0,0.0,0.0,0.0,0.0012688182,0.0038064546,0.0063440907,0.008881727,0.011419363,0.013956999,0.016494635,0.019032273,0.030746784,0.051638175,0.07252956,0.09342095,0.114312336,0.13520373,0.15609513,0.17698652,0.1757177,0.15228868,0.12885964,0.10543062,0.08200159,0.058572564,0.03514354,0.0117145125,0.0,0.0,0.0,0.0,0.0,0.0,0.0,0.0,6.965507e-5,0.0002089652,0.00034827532,0.00048758544,0.0006268956,0.0007662057,0.00090551586,0.001044826,0.0011311558,0.001164505,0.0011978544,0.0012312038,0.0012645533,0.0012979027,0.0013312519,0.0013646013,0.0012949462,0.0011222867,0.00094962725,0.00077696773,0.00060430827,0.00043164878,0.00025898925,8.632975e-5,0.0014570695,0.0043712086,0.007285348,0.010199487,0.013113626,0.016027765,0.018941903,0.021856043,0.023313113,0.023313113,0.023313113,0.023313113
0.0,0.0,0.0,0.0,0.0,0.0,0.0,0.0,0.0,0.0,0.0,0.0,5.5591852e-5,0.00016677556,0.00027795925,0.00038914295,0.0005003267,0.00061151036,0.0007226941,0.00083387777,0.0010606208,0.001402923,0.0017452252,0.0020875274,0.0024298297,0.002772132,0.003114434,0.0034567364,0.0034616266,0.0031291044,0.0027965824,0.0024640602,0.0021315382,0.0017990163,0.0014664942,0.0011339722,0.00090722914,0.0007862653,0.0006653014,0.0005443375,0.0004233736,0.00030240972,0.00018144584,6.0481943e-5,0.0,0.0,0.0,0.0,0.0,0.0,0.0,0.0,0.0,0.0,0.0,0.0,0.0,0.0,0.0,0.0,0.0016313377,0.004894013,0.008156688,0.011419363,0.014682039,0.017944714,0.02120739,0.024470065,0.03953158,0.06639194,0.0932523,0.12011266,0.14697301,0.17383337,0.20069373,0.22755407,0.22592275,0.19579971,0.16567668,0.13555364,0.10543062,0.07530758,0.04518455,0.015061516,0.0,0.0,0.0,0.0,0.0,0.0,0.0,0.0,5.4176162e-5,0.0001625285,0.00027088082,0.00037923313,0.00048758544,0.0005959378,0.0007042901,0.0008126424,0.0009236379,0.0010372762,0.0011509147,0.0012645533,0.0013781916,0.0014918301,0.0016054686,0.001719107,0.001664931,0.0014429401,0.0012209493,0.0009989586,0.00077696773,0.0005549769,0.00033298618,0.000110995396,0.0015023437,0.0045070313,0.0075117187,0.010516406,0.013521093,0.01652578,0.019530468,0.022535156,0.024037499,0.024037499,0.024037499,0.024037499
0.0,0.0,0.0,0.0,0.0,0.0,0.0,0.0,0.0,0.0,0.0,0.0,3.9708466e-5,0.0001191254,0.00019854233,0.00027795925,0.00035737618,0.00043679314,0.00051621004,0.000595627,0.0007575862,0.0010020878,0.0012465894,0.001491091,0.0017355927,0.0019800942,0.0022245958,0.0024690975,0.0024725902,0.0022350745,0.0019975589,0.0017600431,0.0015225273,0.0012850115,0.0010474958,0.0008099801,0.0006480208,0.0005616181,0.00047521526,0.0003888125,0.00030240972,0.00021600694,0.00012960416,4.3201388e-5,0.0,0.0,0.0,0.0,0.0,0.0,0.0,0.0,0.0,0.0,0.0,0.0,0.0,0.0,0.0,0.0,0.001993857,0.0059815715,0.009969286,0.013956999,0.017944714,0.021932427,0.025920143,0.029907856,0.04831638,0.081145704,0.113975026,0.14680436,0.17963368,0.212463,0.24529232,0.27812168,0.27612782,0.23931077,0.20249371,0.16567668,0.12885964,0.0920426,0.055225562,0.01840852,0.0,0.0,0.0,0.0,0.0,0.0,0.0,0.0,3.869726e-5,0.00011609178,0.00019348628,0.00027088082,0.00034827532,0.00042566986,0.00050306437,0.0005804589,0.0007161199,0.00091004744,0.001103975,0.0012979027,0.0014918301,0.0016857577,0.0018796853,0.0020736128,0.0020349154,0.0017635934,0.0014922713,0.0012209493,0.00094962725,0.00067830516,0.0004069831,0.00013566103,0.001547618,0.004642854,0.007738089,0.010833325,0.0139285615,0.017023796,0.020119034,0.023214268,0.024761887,0.024761887,0.024761887,0.024761887
0.0,0.0,0.0,0.0,0.0,0.0,0.0,0.0,0.0,0.0,0.0,0.0,2.382508e-5,7.147524e-5,0.0001191254,0.00016677556,0.00021442572,0.00026207586,0.00030972602,0.00035737618,0.00045455177,0.0006012527,0.00074795366,0.00089465466,0.0010413555,0.0011880565,0.0013347575,0.0014814584,0.0014835541,0.0013410448,0.0011985353,0.0010560259,0.0009135164,0.000771007,0.0006284975,0.00048598807,0.0003888125,0.00033697084,0.00028512915,0.0002332875,0.00018144584,0.00012960416,7.77625e-5,2.5920834e-5,0.0,0.0,0.0,0.0,0.0,0.0,0.0,0.0,0.0,0.0,0.0,0.0,0.0,0.0,0.0,0.0,0.0023563765,0.00706913,0.0117818825,0.016494635,0.02120739,0.025920143,0.030632896,0.035345647,0.05710117,0.09589946,0.13469777,0.17349607,0.21229434,0.25109264,0.28989094,0.32868925,0.32633287,0.2828218,0.23931077,0.19579971,0.15228868,0.10877761,0.06526657,0.021755524,0.0,0.0,0.0,0.0,0.0,0.0,0.0,0.0,2.3218356e-5,6.965507e-5,0.00011609178,0.0001625285,0.0002089652,0.00025540192,0.00030183862,0.00034827532,0.000508602,0.00078281865,0.0010570353,0.0013312519,0.0016054686,0.0018796853,0.0021539018,0.0024281184,0.0024049,0.0020842468,0.0017635934,0.0014429401,0.0011222867,0.0008016334,0.00048098003,0.00016032669,0.0015928921,0.004778676,0.007964461,0.011150245,0.01433603,0.017521814,0.020707598,0.023893382,0.025486274,0.025486274,0.025486274,0.025486274
0.0,0.0,0.0,0.0,0.0,0.0,0.0,0.0,0.0,0.0,0.0,0.0,7.941693e-6,2.382508e-5,3.9708466e-5,5.5591852e-5,7.147524e-5,8.7358625e-5,0.00010324201,0.0001191254,0.00015151725,0.00020041756,0.00024931788,0.0002982182,0.00034711853,0.00039601882,0.00044491913,0.0004938195,0.0004945181,0.0004470149,0.00039951174,0.00035200862,0.00030450546,0.0002570023,0.00020949917,0.00016199602,0.00012960416,0.000112323614,9.5043055e-5,7.77625e-5,6.0481943e-5,4.3201388e-5,2.5920834e-5,8.640278e-6,0.0,0.0,0.0,0.0,0.0,0.0,0.0,0.0,0.0,0.0,0.0,0.0,0.0,0.0,0.0,0.0,0.0027188961,0.008156688,0.01359448,0.019032273,0.024470065,0.029907856,0.035345647,0.04078344,0.06588597,0.11065323,0.1554205,0.20018776,0.244955,0.2897223,0.33448955,0.3792568,0.3765379,0.32633287,0.27612782,0.22592275,0.1757177,0.12551264,0.07530758,0.025102528,0.0,0.0,0.0,0.0,0.0,0.0,0.0,0.0,7.739452e-6,2.3218356e-5,3.869726e-5,5.4176162e-5,6.965507e-5,8.5133965e-5,0.00010061287,0.00011609178,0.0003010841,0.00065558986,0.0010100956,0.0013646013,0.001719107,0.0020736128,0.0024281184,0.0027826242,0.0027748847,0.0024049,0.0020349154,0.001664931,0.0012949462,0.0009249616,0.0005549769,0.00018499231,0.0016381663,0.004914499,0.008190831,0.011467164,0.014743497,0.018019829,0.021296162,0.024572494,0.02621066,0.02621066,0.02621066,0.02621066
0.0,0.0,0.0,0.0,0.0,0.0,0.0,0.0,0.0,0.0,0.0,0.0,0.0,0.0,0.0,0.0,0.0,0.0,0.0,0.0,0.0,0.0,0.0,0.0,0.0,0.0,0.0,0.0,0.0,0.0,0.0,0.0,0.0,0.0,0.0,0.0,0.0,0.0,0.0,0.0,0.0,0.0,0.0,0.0,0.0,0.0,0.0,0.0,0.0,0.0,0.0,0.0,0.0,0.0,0.0,0.0,0.0,0.0,0.0,0.0,0.002834703,0.008504109,0.014173516,0.019842923,0.025512328,0.031181734,0.03685114,0.042520545,0.070342675,0.120317526,0.17029238,0.2202672,0.27024207,0.3202169,0.37019175,0.4201666,0.4173319,0.36168766,0.30604342,0.25039914,0.19475488,0.13911064,0.08346638,0.027822128,0.0,0.0,0.0,0.0,0.0,0.0,0.0,0.0,0.0,0.0,0.0,0.0,0.0,0.0,0.0,0.0,0.00018499231,0.0005549769,0.0009249616,0.0012949462,0.001664931,0.0020349154,0.0024049,0.0027748847,0.0027748847,0.0024049,0.0020349154,0.001664931,0.0012949462,0.0009249616,0.0005549769,0.00018499231,0.0015856706,0.0047570113,0.007928353,0.011099694,0.014271035,0.017442375,0.020613717,0.023785058,0.02537073,0.02537073,0.02537073,0.02537073
0.0,0.0,0.0,0.0,0.0,0.0,0.0,0.0,0.0,0.0,0.0,0.0,0.0,0.0,0.0,0.0,0.0,0.0,0.0,0.0,0.0,0.0,0.0,0.0,0.0,0.0,0.0,0.0,0.0,0.0,0.0,0.0,0.0,0.0,0.0,0.0,0.0,0.0,0.0,0.0,0.0,0.0,0.0,0.0,0.0,0.0,0.0,0.0,0.0,0.0,0.0,0.0,0.0,0.0,0.0,0.0,0.0,0.0,0.0,0.0,0.002703798,0.008111394,0.01351899,0.018926587,0.024334181,0.029741779,0.035149373,0.04055697,0.07047129,0.12489235,0.17931338,0.23373444,0.2881555,0.34257653,0.3969976,0.45141864,0.44871482,0.38888618,0.32905754,0.2692289,0.20940025,0.14957161,0.089742966,0.029914321,0.0,0.0,0.0,0.0,0.0,0.0,0.0,0.0,0.0,0.0,0.0,0.0,0.0,0.0,0.0,0.0,0.00016032669,0.00048098003,0.0008016334,0.0011222867,0.0014429401,0.0017635934,0.0020842468,0.0024049,0.0024049,0.0020842468,0.0017635934,0.0014429401,0.0011222867,0.0008016334,0.00048098003,0.00016032669,0.001435405,0.004306215,0.0071770246,0.010047834,0.012918645,0.015789455,0.018660264,0.021531073,0.02296648,0.02296648,0.02296648,0.02296648
0.0,0.0,0.0,0.0,0.0,0.0,0.0,0.0,0.0,0.0,0.0,0.0,0.0,0.0,0.0,0.0,0.0,0.0,0.0,0.0,0.0,0.0,0.0,0.0,0.0,0.0,0.0,0.0,0.0,0.0,0.0,0.0,0.0,0.0,0.0,0.0,0.0,0.0,0.0,0.0,0.0,0.0,0.0,0.0,0.0,0.0,0.0,0.0,0.0,0.0,0.0,0.0,0.0,0.0,0.0,0.0,0.0,0.0,0.0,0.0,0.0025728927,0.0077186786,0.012864464,0.01801025,0.023156036,0.02830182,0.03344761,0.038593393,0.070599906,0.12946716,0.1883344,0.24720165,0.3060689,0.36493614,0.4238034,0.48267063,0.48009774,0.4160847,0.35207167,0.28805864,0.2240456,0.16003259,0.09601955,0.032006517,0.0,0.0,0.0,0.0,0.0,0.0,0.0,0.0,0.0,0.0,0.0,0.0,0.0,0.0,0.0,0.0,0.00013566103,0.0004069831,0.00067830516,0.00094962725,0.0012209493,0.0014922713,0.0017635934,0.0020349154,0.0020349154,0.0017635934,0.0014922713,0.0012209493,0.00094962725,0.00067830516,0.0004069831,0.00013566103,0.0012851394,0.0038554177,0.0064256964,0.008995975,0.011566254,0.014136532,0.016706811,0.01927709,0.02056223,0.02056223,0.02056223,0.02056223
0.0,0.0,0.0,0.0,0.0,0.0,0.0,0.0,0.0,0.0,0.0,0.0,0.0,0.0,0.0,0.0,0.0,0.0,0.0,0.0,0.0,0.0,0.0,0.0,0.0,0.0,0.0,0.0,0.0,0.0,0.0,0.0,0.0,0.0,0.0,0.0,0.0,0.0,0.0,0.0,0.0,0.0,0.0,0.0,0.0,0.0,0.0,0.0,0.0,0.0,0.0,0.0,0.0,0.0,0.0,0.0,0.0,0.0,0.0,0.0,0.0024419874,0.007325962,0.012209938,0.017093914,0.021977888,0.026861861,0.03174584,0.036629815,0.070728526,0.13404198,0.19735542,0.26066887,0.3239823,0.38729575,0.4506092,0.51392263,0.5114807,0.44328326,0.37508583,0.3068884,0.23869097,0.17049356,0.10229614,0.03409871,0.0,0.0,0.0,0.0,0.0,0.0,0.0,0.0,0.0,0.0,0.0,0.0,0.0,0.0,0.0,0.0,0.000110995396,0.00033298618,0.0005549769,0.00077696773,0.0009989586,0.0012209493,0.0014429401,0.001664931,0.001664931,0.0014429401,0.0012209493,0.0009989586,0.00077696773,0.0005549769,0.00033298618,0.000110995396,0.0011348737,0.0034046213,0.0056743687,0.007944116,0.010213863,0.012483611,0.014753358,0.017023105,0.01815798,0.01815798,0.01815798,0.01815798
0.0,0.0,0.0,0.0,0.0,0.0,0.0,0.0,0.0,0.0,0.0,0.0,0.0,0.0,0.0,0.0,0.0,0.0,0.0,0.0,0.0,0.0,0.0,0.0,0.0,0.0,0.0,0.0,0.0,0.0,0.0,0.0,0.0,0.0,0.0,0.0,0.0,0.0,0.0,0.0,0.0,0.0,0.0,0.0,0.0,0.0,0.0,0.0,0.0,0.0,0.0,0.0,0.0,0.0,0.0,0.0,0.0,0.0,0.0,0.0,0.0023110823,0.0069332467,0.011555412,0.016177576,0.020799741,0.025421904,0.030044071,0.034666236,0.070857145,0.1386168,0.20637645,0.2741361,0.34189573,0.4096554,0.47741503,0.54517466,0.5428636,0.47048178,0.3981,0.32571816,0.25333634,0.18095453,0.10857272,0.03619091,0.0,0.0,0.0,0.0,0.0,0.0,0.0,0.0,0.0,0.0,0.0,0.0,0.0,0.0,0.0,0.0,8.632975e-5,0.00025898925,0.00043164878,0.00060430827,0.00077696773,0.00094962725,0.0011222867,0.0012949462,0.0012949462,0.0011222867,0.00094962725,0.00077696773,0.00060430827,0.00043164878,0.00025898925,8.632975e-5,0.0009846081,0.0029538241,0.0049230405,0.006892257,0.008861473,0.010830689,0.012799905,0.014769121,0.01575373,0.01575373,0.01575373,0.01575373
0.0,0.0,0.0,0.0,0.0,0.0,0.0,0.0,0.0,0.0,0.0,0.0,0.0,0.0,0.0,0.0,0.0,0.0,0.0,0.0,0.0,0.0,0.0,0.0,0.0,0.0,0.0,0.0,0.0,0.0,0.0,0.0,0.0,0.0,0.0,0.0,0.0,0.0,0.0,0.0,0.0,0.0,0.0,0.0,0.0,0.0,0.0,0.0,0.0,0.0,0.0,0.0,0.0,0.0,0.0,0.0,0.0,0.0,0.0,0.0,0.002180177,0.0065405313,0.010900886,0.01526124,0.019621594,0.02398195,0.028342303,0.03270266,0.07098576,0.1431916,0.21539745,0.2876033,0.35980916,0.43201503,0.50422084,0.57642674,0.5742465,0.49768034,0.42111415,0.34454793,0.2679817,0.19141552,0.11484931,0.038283102,0.0,0.0,0.0,0.0,0.0,0.0,0.0,0.0,0.0,0.0,0.0,0.0,0.0,0.0,0.0,0.0,6.1664105e-5,0.00018499231,0.00030832054,0.00043164878,0.0005549769,0.00067830516,0.0008016334,0.0009249616,0.0009249616,0.0008016334,0.00067830516,0.0005549769,0.00043164878,0.00030832054,0.00018499231,6.1664105e-5,0.0008343425,0.0025030274,0.0041717123,0.0058403974,0.007509082,0.009177768,0.010846452,0.012515137,0.01334948,0.01334948,0.01334948,0.01334948
0.0,0.0,0.0,0.0,0.0,0.0,0.0,0.0,0.0,0.0,0.0,0.0,0.0,0.0,0.0,0.0,0.0,0.0,0.0,0.0,0.0,0.0,0.0,0.0,0.0,0.0,0.0,0.0,0.0,0.0,0.0,0.0,0.0,0.0,0.0,0.0,0.0,0.0,0.0,0.0,0.0,0.0,0.0,0.0,0.0,0.0,0.0,0.0,0.0,0.0,0.0,0.0,0.0,0.0,0.0,0.0,0.0,0.0,0.0,0.0,0.002049272,0.006147816,0.01024636,0.014344904,0.018443447,0.022541992,0.026640534,0.030739078,0.071114376,0.14776643,0.22441849,0.30107054,0.3777226,0.45437464,0.53102666,0.6076787,0.60562944,0.52487886,0.44412827,0.36337766,0.2826271,0.20187648,0.121125884,0.040375296,0.0,0.0,0.0,0.0,0.0,0.0,0.0,0.0,0.0,0.0,0.0,0.0,0.0,0.0,0.0,0.0,3.6998463e-5,0.000110995396,0.00018499231,0.00025898925,0.00033298618,0.0004069831,0.00048098003,0.0005549769,0.0005549769,0.00048098003,0.0004069831,0.00033298618,0.00025898925,0.00018499231,0.000110995396,3.6998463e-5,0.00068407686,0.0020522305,0.0034203841,0.004788538,0.006156692,0.0075248457,0.008892999,0.010261153,0.01094523,0.01094523,0.01094523,0.01094523
0.0,0.0,0.0,0.0,0.0,0.0,0.0,0.0,0.0,0.0,0.0,0.0,0.0,0.0,0.0,0.0,0.0,0.0,0.0,0.0,0.0,0.0,0.0,0.0,0.0,0.0,0.0,0.0,0.0,0.0,0.0,0.0,0.0,0.0,0.0,0.0,0.0,0.0,0.0,0.0,0.0,0.0,0.0,0.0,0.0,0.0,0.0,0.0,0.0,0.0,0.0,0.0,0.0,0.0,0.0,0.0,0.0,0.0,0.0,0.0,0.0019183668,0.0057551,0.009591834,0.013428567,0.0172653,0.021102035,0.024938768,0.0287755,0.071242996,0.15234125,0.23343949,0.31453773,0.395636,0.47673425,0.5578325,0.63893074,0.63701236,0.5520774,0.46714243,0.38220742,0.29727244,0.21233746,0.12740247,0.04246749,0.0,0.0,0.0,0.0,0.0,0.0,0.0,0.0,0.0,0.0,0.0,0.0,0.0,0.0,0.0,0.0,1.2332822e-5,3.6998463e-5,6.1664105e-5,8.632975e-5,0.000110995396,0.00013566103,0.00016032669,0.00018499231,0.00018499231,0.00016032669,0.00013566103,0.000110995396,8.632975e-5,6.1664105e-5,3.6998463e-5,1.2332822e-5,0.0005338113,0.0016014337,0.0026690562,0.0037366787,0.0048043015,0.0058719236,0.0069395457,0.008007169,0.0085409805,0.0085409805,0.0085409805,0.0085409805
0.0,0.0,0.0,0.0,0.0,0.0,0.0,0.0,0.0,0.0,0.0,0.0,0.0,0.0,0.0,0.0,0.0,0.0,0.0,0.0,0.0,0.0,0.0,0.0,0.0,0.0,0.0,0.0,0.0,0.0,0.0,0.0,0.0,0.0,0.0,0.0,0.0,0.0,0.0,0.0,0.0,0.0,0.0,0.0,0.0,0.0,0.0,0.0,0.0,0.0,0.0,0.0,0.0,0.0,0.0,0.0,0.0,0.0,0.0,0.0,0.001737107,0.0052113207,0.008685535,0.012159749,0.015633963,0.019108176,0.022582391,0.026056604,0.07111322,0.15775223,0.24439125,0.33103025,0.41766927,0.5043083,0.5909473,0.67758626,0.6758492,0.585736,0.49562275,0.40550953,0.3153963,0.22528306,0.13516983,0.045056615,0.0,0.0,0.0,0.0,0.0,0.0,0.0,0.0,0.0,0.0,0.0,0.0,0.0,0.0,0.0,0.0,0.0,0.0,0.0,0.0,0.0,0.0,0.0,0.0,0.0,0.0,0.0,0.0,0.0,0.0,0.0,0.0,0.00043001104,0.0012900331,0.002150055,0.0030100772,0.0038700996,0.004730121,0.005590143,0.0064501655,0.0068801767,0.0068801767,0.0068801767,0.0068801767
0.0,0.0,0.0,0.0,0.0,0.0,0.0,0.0,0.0,0.0,0.0,0.0,0.0,0.0,0.0,0.0,0.0,0.0,0.0,0.0,0.0,0.0,0.0,0.0,0.0,0.0,0.0,0.0,0.0,0.0,0.0,0.0,0.0,0.0,0.0,0.0,0.0,0.0,0.0,0.0,0.0,0.0,0.0,0.0,0.0,0.0,0.0,0.0,0.0,0.0,0.0,0.0,0.0,0.0,0.0,0.0,0.0,0.0,0.0,0.0,0.0015054927,0.004516478,0.0075274636,0.010538449,0.013549434,0.01656042,0.019571407,0.022582391,0.07072505,0.1639994,0.25727373,0.35054806,0.4438224,0.53709674,0.63037103,0.72364545,0.7221399,0.62585455,0.52956927,0.43328393,0.33699864,0.24071331,0.14442798,0.04814266,0.0,0.0,0.0,0.0,0.0,0.0,0.0,0.0,0.0,0.0,0.0,0.0,0.0,0.0,0.0,0.0,0.0,0.0,0.0,0.0,0.0,0.0,0.0,0.0,0.0,0.0,0.0,0.0,0.0,0.0,0.0,0.0,0.00037267624,0.0011180287,0.0018633811,0.0026087337,0.003354086,0.004099439,0.004844791,0.005590143,0.00596282,0.00596282,0.00596282,0.00596282
0.0,0.0,0.0,0.0,0.0,0.0,0.0,0.0,0.0,0.0,0.0,0.0,0.0,0.0,0.0,0.0,0.0,0.0,0.0,0.0,0.0,0.0,0.0,0.0,0.0,0.0,0.0,0.0,0.0,0.0,0.0,0.0,0.0,0.0,0.0,0.0,0.0,0.0,0.0,0.0,0.0,0.0,0.0,0.0,0.0,0.0,0.0,0.0,0.0,0.0,0.0,0.0,0.0,0.0,0.0,0.0,0.0,0.0,0.0,0.0,0.0012738785,0.0038216352,0.0063693924,0.008917149,0.011464906,0.014012664,0.01656042,0.019108176,0.070336886,0.17024656,0.2701562,0.37006587,0.46997556,0.5698852,0.66979486,0.7697045,0.76843065,0.66597325,0.5635158,0.46105838,0.35860097,0.25614357,0.15368612,0.05122871,0.0,0.0,0.0,0.0,0.0,0.0,0.0,0.0,0.0,0.0,0.0,0.0,0.0,0.0,0.0,0.0,0.0,0.0,0.0,0.0,0.0,0.0,0.0,0.0,0.0,0.0,0.0,0.0,0.0,0.0,0.0,0.0,0.00031534143,0.00094602426,0.0015767071,0.00220739,0.0028380728,0.0034687556,0.004099439,0.004730121,0.005045463,0.005045463,0.005045463,0.005045463
0.0,0.0,0.0,0.0,0.0,0.0,0.0,0.0,0.0,0.0,0.0,0.0,0.0,0.0,0.0,0.0,0.0,0.0,0.0,0.0,0.0,0.0,0.0,0.0,0.0,0.0,0.0,0.0,0.0,0.0,0.0,0.0,0.0,0.0,0.0,0.0,0.0,0.0,0.0,0.0,0.0,0.0,0.0,0.0,0.0,0.0,0.0,0.0,0.0,0.0,0.0,0.0,0.0,0.0,0.0,0.0,0.0,0.0,0.0,0.0,0.0010422642,0.0031267926,0.0052113207,0.0072958493,0.009380378,0.011464906,0.013549434,0.015633963,0.069948725,0.1764937,0.2830387,0.38958368,0.49612868,0.60267365,0.7092186,0.8157636,0.81472135,0.7060918,0.5974623,0.4888328,0.3802033,0.27157378,0.16294427,0.05431476,0.0,0.0,0.0,0.0,0.0,0.0,0.0,0.0,0.0,0.0,0.0,0.0,0.0,0.0,0.0,0.0,0.0,0.0,0.0,0.0,0.0,0.0,0.0,0.0,0.0,0.0,0.0,0.0,0.0,0.0,0.0,0.0,0.00025800662,0.00077401986,0.0012900331,0.0018060463,0.0023220596,0.0028380728,0.003354086,0.0038700996,0.004128106,0.004128106,0.004128106,0.004128106
0.0,0.0,0.0,0.0,0.0,0.0,0.0,0.0,0.0,0.0,0.0,0.0,0.0,0.0,0.0,0.0,0.0,0.0,0.0,0.0,0.0,0.0,0.0,0.0,0.0,0.0,0.0,0.0,0.0,0.0,0.0,0.0,0.0,0.0,0.0,0.0,0.0,0.0,0.0,0.0,0.0,0.0,0.0,0.0,0.0,0.0,0.0,0.0,0.0,0.0,0.0,0.0,0.0,0.0,0.0,0.0,0.0,0.0,0.0,0.0,0.00081064994,0.0024319496,0.00405325,0.0056745494,0.0072958493,0.008917149,0.010538449,0.012159749,0.06956056,0.18274087,0.29592118,0.4091015,0.5222818,0.6354621,0.74864244,0.8618227,0.86101204,0.74621046,0.6314089,0.5166073,0.40180564,0.28700402,0.17220241,0.057400808,0.0,0.0,0.0,0.0,0.0,0.0,0.0,0.0,0.0,0.0,0.0,0.0,0.0,0.0,0.0,0.0,0.0,0.0,0.0,0.0,0.0,0.0,0.0,0.0,0.0,0.0,0.0,0.0,0.0,0.0,0.0,0.0,0.00020067181,0.0006020154,0.0010033591,0.0014047027,0.0018060463,0.00220739,0.0026087337,0.0030100772,0.003210749,0.003210749,0.003210749,0.003210749
0.0,0.0,0.0,0.0,0.0,0.0,0.0,0.0,0.0,0.0,0.0,0.0,0.0,0.0,0.0,0.0,0.0,0.0,0.0,0.0,0.0,0.0,0.0,0.0,0.0,0.0,0.0,0.0,0.0,0.0,0.0,0.0,0.0,0.0,0.0,0.0,0.0,0.0,0.0,0.0,0.0,0.0,0.0,0.0,0.0,0.0,0.0,0.0,0.0,0.0,0.0,0.0,0.0,0.0,0.0,0.0,0.0,0.0,0.0,0.0,0.00057903567,0.001737107,0.0028951783,0.00405325,0.0052113207,0.0063693924,0.0075274636,0.008685535,0.06917239,0.18898803,0.30880365,0.4286193,0.5484349,0.66825056,0.7880662,0.9078818,0.90730286,0.7863291,0.6653554,0.5443817,0.42340797,0.30243427,0.18146056,0.060486857,0.0,0.0,0.0,0.0,0.0,0.0,0.0,0.0,0.0,0.0,0.0,0.0,0.0,0.0,0.0,0.0,0.0,0.0,0.0,0.0,0.0,0.0,0.0,0.0,0.0,0.0,0.0,0.0,0.0,0.0,0.0,0.0,0.00014333702,0.00043001104,0.0007166851,0.0010033591,0.0012900331,0.0015767071,0.0018633811,0.002150055,0.0022933923,0.0022933923,0.0022933923,0.0022933923
0.0,0.0,0.0,0.0,0.0,0.0,0.0,0.0,0.0,0.0,0.0,0.0,0.0,0.0,0.0,0.0,0.0,0.0,0.0,0.0,0.0,0.0,0.0,0.0,0.0,0.0,0.0,0.0,0.0,0.0,0.0,0.0,0.0,0.0,0.0,0.0,0.0,0.0,0.0,0.0,0.0,0.0,0.0,0.0,0.0,0.0,0.0,0.0,0.0,0.0,0.0,0.0,0.0,0.0,0.0,0.0,0.0,0.0,0.0,0.0,0.0003474214,0.0010422642,0.001737107,0.0024319496,0.0031267926,0.0038216352,0.004516478,0.0052113207,0.06878422,0.1952352,0.32168615,0.4481371,0.57458806,0.701039,0.82749,0.9539409,0.9535935,0.8264477,0.6993019,0.5721561,0.4450103,0.3178645,0.19071871,0.063572906,0.0,0.0,0.0,0.0,0.0,0.0,0.0,0.0,0.0,0.0,0.0,0.0,0.0,0.0,0.0,0.0,0.0,0.0,0.0,0.0,0.0,0.0,0.0,0.0,0.0,0.0,0.0,0.0,0.0,0.0,0.0,0.0,8.6002205e-5,0.00025800662,0.00043001104,0.0006020154,0.00077401986,0.00094602426,0.0011180287,0.0012900331,0.0013760353,0.0013760353,0.0013760353,0.0013760353
0.0,0.0,0.0,0.0,0.0,0.0,0.0,0.0,0.0,0.0,0.0,0.0,0.0,0.0,0.0,0.0,0.0,0.0,0.0,0.0,0.0,0.0,0.0,0.0,0.0,0.0,0.0,0.0,0.0,0.0,0.0,0.0,0.0,0.0,0.0,0.0,0.0,0.0,0.0,0.0,0.0,0.0,0.0,0.0,0.0,0.0,0.0,0.0,0.0,0.0,0.0,0.0,0.0,0.0,0.0,0.0,0.0,0.0,0.0,0.0,0.00011580713,0.0003474214,0.00057903567,0.00081064994,0.0010422642,0.0012738785,0.0015054927,0.001737107,0.06839606,0.20148234,0.33456862,0.46765494,0.6007412,0.7338275,0.86691374,1.0,0.99988425,0.86656636,0.7332485,0.5999305,0.46661264,0.33329475,0.19997685,0.06665895,0.0,0.0,0.0,0.0,0.0,0.0,0.0,0.0,0.0,0.0,0.0,0.0,0.0,0.0,0.0,0.0,0.0,0.0,0.0,0.0,0.0,0.0,0.0,0.0,0.0,0.0,0.0,0.0,0.0,0.0,0.0,0.0,2.8667402e-5,8.6002205e-5,0.00014333702,0.00020067181,0.00025800662,0.00031534143,0.00037267624,0.00043001104,0.00045867843,0.00045867843,0.00045867843,0.00045867843
0.0,0.0,0.0,0.0,0.0,0.0,0.0,0.0,0.0,0.0,0.0,0.0,0.0,0.0,0.0,0.0,0.0,0.0,0.0,0.0,0.0,0.0,0.0,0.0,0.0,0.0,0.0,0.0,0.0,0.0,0.0,0.0,0.0,0.0,0.0,0.0,0.0,0.0,0.0,0.0,0.0,0.0,0.0,0.0,0.0,0.0,0.0,0.0,0.0,0.0,0.0,0.0,1.5170529e-5,4.5511588e-5,7.5852644e-5,0.0001061937,0.00013653477,0.00016687582,0.00019721687,0.00022755795,0.00022755795,0.00019721687,0.00016687582,0.00013653477,0.0001061937,7.5852644e-5,4.5511588e-5,1.5170529e-5,0.064834476,0.19450343,0.32417238,0.45384133,0.5835103,0.71317923,0.8428482,0.9725171,0.9725171,0.8428482,0.71317923,0.5835103,0.45384133,0.32417238,0.19450343,0.064834476,0.0,0.0,0.0,0.0,0.0,0.0,0.0,0.0,0.0,0.0,0.0,0.0,0.0,0.0,0.0,0.0,1.7076058e-5,5.1228177e-5,8.538029e-5,0.0001195324,0.00015368452,0.00018783665,0.00022198875,0.0002561409,0.0002561409,0.00022198875,0.00018783665,0.00015368452,0.0001195324,8.538029e-5,5.1228177e-5,1.7076058e-5,2.7935548e-5,8.380665e-5,0.00013967775,0.00019554884,0.00025141993,0.00030729105,0.00036316214,0.00041903323,0.00044696877,0.00044696877,0.00044696877,0.00044696877
0.0,0.0,0.0,0.0,0.0,0.0,0.0,0.0,0.0,0.0,0.0,0.0,0.0,0.0,0.0,0.0,0.0,0.0,0.0,0.0,0.0,0.0,0.0,0.0,0.0,0.0,0.0,0.0,0.0,0.0,0.0,0.0,0.0,0.0,0.0,0.0,0.0,0.0,0.0,0.0,0.0,0.0,0.0,0.0,0.0,0.0,0.0,0.0,0.0,0.0,0.0,0.0,4.5511588e-5,0.00013653477,0.00022755795,0.00031858112,0.00040960428,0.00050062744,0.00059165066,0.0006826738,0.0006826738,0.00059165066,0.00050062744,0.00040960428,0.00031858112,0.00022755795,0.00013653477,4.5511588e-5,0.058099482,0.17429844,0.2904974,0.40669638,0.5228953,0.6390943,0.75529325,0.87149215,0.87149215,0.75529325,0.6390943,0.5228953,0.40669638,0.2904974,0.17429844,0.058099482,0.0,0.0,0.0,0.0,0.0,0.0,0.0,0.0,0.0,0.0,0.0,0.0,0.0,0.0,0.0,0.0,5.1228177e-5,0.00015368452,0.0002561409,0.00035859723,0.00046105357,0.00056350994,0.00066596625,0.0007684226,0.0007684226,0.00066596625,0.00056350994,0.00046105357,0.00035859723,0.0002561409,0.00015368452,5.1228177e-5,8.380665e-5,0.00025141993,0.00041903323,0.00058664655,0.0007542598,0.0009218731,0.0010894864,0.0012570997,0.0013409064,0.0013409064,0.0013409064,0.0013409064
0.0,0.0,0.0,0.0,0.0,0.0,0.0,0.0,0.0,0.0,0.0,0.0,0.0,0.0,0.0,0.0,0.0,0.0,0.0,0.0,0.0,0.0,0.0,0.0,0.0,0.0,0.0,0.0,0.0,0.0,0.0,0.0,0.0,0.0,0.0,0.0,0.0,0.0,0.0,0.0,0.0,0.0,0.0,0.0,0.0,0.0,0.0,0.0,0.0,0.0,0.0,0.0,7.5852644e-5,0.00022755795,0.00037926322,0.00053096854,0.0006826738,0.0008343791,0.0009860843,0.0011377897,0.0011377897,0.0009860843,0.0008343791,0.0006826738,0.00053096854,0.00037926322,0.00022755795,7.5852644e-5,0.051364485,0.15409346,0.2568224,0.3595514,0.46228036,0.56500936,0.66773826,0.7704673,0.7704673,0.66773826,0.56500936,0.46228036,0.3595514,0.2568224,0.15409346,0.051364485,0.0,0.0,0.0,0.0,0.0,0.0,0.0,0.0,0.0,0.0,0.0,0.0,0.0,0.0,0.0,0.0,8.538029e-5,0.0002561409,0.00042690148,0.000597662,0.0007684226,0.0009391832,0.0011099438,0.0012807043,0.0012807043,0.0011099438,0.0009391832,0.0007684226,0.000597662,0.00042690148,0.0002561409,8.538029e-5,0.00013967775,0.00041903323,0.0006983887,0.0009777442,0.0012570997,0.0015364552,0.0018158108,0.0020951661,0.002234844,0.002234844,0.002234844,0.002234844
0.0,0.0,0.0,0.0,0.0,0.0,0.0,0.0,0.0,0.0,0.0,0.0,0.0,0.0,0.0,0.0,0.0,0.0,0.0,0.0,0.0,0.0,0.0,0.0,0.0,0.0,0.0,0.0,0.0,0.0,0.0,0.0,0.0,0.0,0.0,0.0,0.0,0.0,0.0,0.0,0.0,0.0,0.0,0.0,0.0,0.0,0.0,0.0,0.0,0.0,0.0,0.0,0.0001061937,0.00031858112,0.00053096854,0.0007433559,0.0009557433,0.0011681308,0.0013805181,0.0015929055,0.0015929055,0.0013805181,0.0011681308,0.0009557433,0.0007433559,0.00053096854,0.00031858112,0.0001061937,0.04462949,0.13388847,0.22314744,0.31240642,0.4016654,0.49092436,0.5801834,0.66944236,0.66944236,0.5801834,0.49092436,0.4016654,0.31240642,0.22314744,0.13388847,0.04462949,0.0,0.0,0.0,0.0,0.0,0.0,0.0,0.0,0.0,0.0,0.0,0.0,0.0,0.0,0.0,0.0,0.0001195324,0.00035859723,0.000597662,0.0008367268,0.0010757917,0.0013148566,0.0015539214,0.0017929862,0.0017929862,0.0015539214,0.0013148566,0.0010757917,0.0008367268,0.000597662,0.00035859723,0.0001195324,0.00019554884,0.00058664655,0.0009777442,0.0013688419,0.0017599395,0.0021510373,0.0025421348,0.0029332328,0.0031287814,0.0031287814,0.0031287814,0.0031287814
0.0,0.0,0.0,0.0,0.0,0.0,0.0,0.0,0.0,0.0,0.0,0.0,0.0,0.0,0.0,0.0,0.0,0.0,0.0,0.0,0.0,0.0,0.0,0.0,0.0,0.0,0.0,0.0,0.0,0.0,0.0,0.0,0.0,0.0,0.0,0.0,0.0,0.0,0.0,0.0,0.0,0.0,0.0,0.0,0.0,0.0,0.0,0.0,0.0,0.0,0.0,0.0,0.00013653477,0.00040960428,0.0006826738,0.0009557433,0.0012288128,0.0015018823,0.0017749519,0.0020480214,0.0020480214,0.0017749519,0.0015018823,0.0012288128,0.0009557433,0.0006826738,0.00040960428,0.00013653477,0.03789449,0.11368348,0.18947247,0.26526147,0.34105045,0.41683945,0.49262843,0.56841743,0.56841743,0.49262843,0.41683945,0.34105045,0.26526147,0.18947247,0.11368348,0.03789449,0.0,0.0,0.0,0.0,0.0,0.0,0.0,0.0,0.0,0.0,0.0,0.0,0.0,0.0,0.0,0.0,0.00015368452,0.00046105357,0.0007684226,0.0010757917,0.0013831607,0.0016905298,0.0019978988,0.002305268,0.002305268,0.0019978988,0.0016905298,0.0013831607,0.0010757917,0.0007684226,0.00046105357,0.00015368452,0.00025141993,0.0007542598,0.0012570997,0.0017599395,0.0022627795,0.0027656192,0.0032684593,0.003771299,0.004022719,0.004022719,0.004022719,0.004022719
0.0,0.0,0.0,0.0,0.0,0.0,0.0,0.0,0.0,0.0,0.0,0.0,0.0,0.0,0.0,0.0,0.0,0.0,0.0,0.0,0.0,0.0,0.0,0.0,0.0,0.0,0.0,0.0,0.0,0.0,0.0,0.0,0.0,0.0,0.0,0.0,0.0,0.0,0.0,0.0,0.0,0.0,0.0,0.0,0.0,0.0,0.0,0.0,0.0,0.0,0.0,0.0,0.00016687582,0.00050062744,0.0008343791,0.0011681308,0.0015018823,0.0018356341,0.0021693858,0.0025031373,0.0025031373,0.0021693858,0.0018356341,0.0015018823,0.0011681308,0.0008343791,0.00050062744,0.00016687582,0.0311595,0.09347849,0.1557975,0.21811649,0.28043547,0.34275448,0.40507346,0.46739247,0.46739247,0.40507346,0.34275448,0.28043547,0.21811649,0.1557975,0.09347849,0.0311595,0.0,0.0,0.0,0.0,0.0,0.0,0.0,0.0,0.0,0.0,0.0,0.0,0.0,0.0,0.0,0.0,0.00018783665,0.00056350994,0.0009391832,0.0013148566,0.0016905298,0.002066203,0.0024418763,0.0028175495,0.0028175495,0.0024418763,0.002066203,0.0016905298,0.0013148566,0.0009391832,0.00056350994,0.00018783665,0.00030729105,0.0009218731,0.0015364552,0.0021510373,0.0027656192,0.0033802015,0.0039947834,0.0046093655,0.0049166568,0.0049166568,0.0049166568,0.0049166568
0.0,0.0,0.0,0.0,0.0,0.0,0.0,0.0,0.0,0.0,0.0,0.0,0.0,0.0,0.0,0.0,0.0,0.0,0.0,0.0,0.0,0.0,0.0,0.0,0.0,0.0,0.0,0.0,0.0,0.0,0.0,0.0,0.0,0.0,0.0,0.0,0.0,0.0,0.0,0.0,0.0,0.0,0.0,0.0,0.0,0.0,0.0,0.0,0.0,0.0,0.0,0.0,0.00019721687,0.00059165066,0.0009860843,0.0013805181,0.0017749519,0.0021693858,0.0025638193,0.002958253,0.002958253,0.0025638193,0.0021693858,0.0017749519,0.0013805181,0.0009860843,0.00059165066,0.00019721687,0.024424504,0.07327351,0.12212251,0.17097153,0.21982053,0.26866955,0.31751853,0.36636755,0.36636755,0.31751853,0.26866955,0.21982053,0.17097153,0.12212251,0.07327351,0.024424504,0.0,0.0,0.0,0.0,0.0,0.0,0.0,0.0,0.0,0.0,0.0,0.0,0.0,0.0,0.0,0.0,0.00022198875,0.00066596625,0.0011099438,0.0015539214,0.0019978988,0.0024418763,0.0028858539,0.0033298314,0.0033298314,0.0028858539,0.0024418763,0.0019978988,0.0015539214,0.0011099438,0.00066596625,0.00022198875,0.00036316214,0.0010894864,0.0018158108,0.0025421348,0.0032684593,0.0039947834,0.004721108,0.005447432,0.005810594,0.005810594,0.005810594,0.005810594
0.0,0.0,0.0,0.0,0.0,0.0,0.0,0.0,0.0,0.0,0.0,0.0,0.0,0.0,0.0,0.0,0.0,0.0,0.0,0.0,0.0,0.0,0.0,0.0,0.0,0.0,0.0,0.0,0.0,0.0,0.0,0.0,0.0,0.0,0.0,0.0,0.0,0.0,0.0,0.0,0.0,0.0,0.0,0.0,0.0,0.0,0.0,0.0,0.0,0.0,0.0,0.0,0.00022755795,0.0006826738,0.0011377897,0.0015929055,0.0020480214,0.0025031373,0.002958253,0.0034133692,0.0034133692,0.002958253,0.0025031373,0.0020480214,0.0015929055,0.0011377897,0.0006826738,0.00022755795,0.01768951,0.053068522,0.08844753,0.12382656,0.15920559,0.19458458,0.22996362,0.26534262,0.26534262,0.22996362,0.19458458,0.15920559,0.12382656,0.08844753,0.053068522,0.01768951,0.0,0.0,0.0,0.0,0.0,0.0,0.0,0.0,0.0,0.0,0.0,0.0,0.0,0.0,0.0,0.0,0.0002561409,0.0007684226,0.0012807043,0.0017929862,0.002305268,0.0028175495,0.0033298314,0.0038421133,0.0038421133,0.0033298314,0.0028175495,0.002305268,0.0017929862,0.0012807043,0.0007684226,0.0002561409,0.00041903323,0.0012570997,0.0020951661,0.0029332328,0.003771299,0.0046093655,0.005447432,0.0062854984,0.0067045316,0.0067045316,0.0067045316,0.0067045316
0.0,0.0,0.0,0.0,0.0,0.0,0.0,0.0,0.0,0.0,0.0,0.0,0.0,0.0,0.0,0.0,0.0,0.0,0.0,0.0,0.0,0.0,0.0,0.0,0.0,0.0,0.0,0.0,0.0,0.0,0.0,0.0,0.0,0.0,0.0,0.0,0.0,0.0,0.0,0.0,0.0,0.0,0.0,0.0,0.0,0.0,0.0,0.0,0.0,0.0,0.0,0.0,0.00033652596,0.0010095779,0.0016826299,0.002355682,0.003028734,0.0037017858,0.004374838,0.00504789,0.00504789,0.004374838,0.0037017858,0.003028734,0.002355682,0.0016826299,0.0010095779,0.00033652596,0.013426884,0.040280655,0.067134425,0.093988195,0.120841965,0.14769574,0.17454949,0.20140328,0.20140328,0.17454949,0.14769574,0.120841965,0.093988195,0.067134425,0.040280655,0.013426884,0.0,0.0,0.0,0.0,0.0,0.0,0.0,0.0,0.0,0.0,0.0,0.0,0.0,0.0,0.0,0.0,0.0002561409,0.0007684226,0.0012807043,0.0017929862,0.002305268,0.0028175495,0.0033298314,0.0038421133,0.0038421133,0.0033298314,0.0028175495,0.002305268,0.0017929862,0.0012807043,0.0007684226,0.0002561409,0.00048223647,0.0014467094,0.0024111823,0.003375655,0.0043401285,0.005304601,0.0062690745,0.007233547,0.0077157835,0.0077157835,0.0077157835,0.0077157835
0.0,0.0,0.0,0.0,0.0,0.0,0.0,0.0,0.0,0.0,0.0,0.0,0.0,0.0,0.0,0.0,0.0,0.0,0.0,0.0,0.0,0.0,0.0,0.0,0.0,0.0,0.0,0.0,0.0,0.0,0.0,0.0,0.0,0.0,0.0,0.0,0.0,0.0,0.0,0.0,0.0,0.0,0.0,0.0,0.0,0.0,0.0,0.0,0.0,0.0,0.0,0.0,0.00052412105,0.0015723631,0.002620605,0.0036688473,0.0047170892,0.0057653314,0.0068135727,0.007861815,0.007861815,0.0068135727,0.0057653314,0.0047170892,0.0036688473,0.002620605,0.0015723631,0.00052412105,0.011636633,0.0349099,0.058183167,0.08145644,0.104729705,0.12800296,0.15127623,0.17454949,0.17454949,0.15127623,0.12800296,0.104729705,0.08145644,0.058183167,0.0349099,0.011636633,0.0,0.0,0.0,0.0,0.0,0.0,0.0,0.0,0.0,0.0,0.0,0.0,0.0,0.0,0.0,0.0,0.00022198875,0.00066596625,0.0011099438,0.0015539214,0.0019978988,0.0024418763,0.0028858539,0.0033298314,0.0033298314,0.0028858539,0.0024418763,0.0019978988,0.0015539214,0.0011099438,0.00066596625,0.00022198875,0.00055277185,0.0016583155,0.0027638592,0.0038694032,0.0049749464,0.0060804905,0.0071860338,0.008291578,0.0088443495,0.0088443495,0.0088443495,0.0088443495
